                                                                                



                2024    一  月                                                

        一  二  三  四  五  六  日                                       

        1   2   3   4   5   6   7                                               

        8   9  10  11  12  13  14                                               

       15  16  17  18  19  20  21                                               

       22  23  24  25  26  27  28                                               

       29  30  31                                                               

                                                                                



                2024    二  月                                                

        一  二  三  四  五  六  日                                       

                    1   2   3   4                                               

        5   6   7   8   9  10  11                                               

       12  13  14  15  16  17  18                                               

       19  20  21  22  23  24  25                                               

       26  27  28  29                                                           

                                                                                



                2024    三  月                                                

        一  二  三  四  五  六  日                                       

                        1   2   3                                               

        4   5   6   7   8   9  10                                               

       11  12  13  14  15  16  17                                               

       18  19  20  21  22  23  24                                               

       25  26  27  28  29  30  31                                               

                                                                                                                                                                



                2024    四  月                                                

        一  二  三  四  五  六  日                                       

        1   2   3   4   5   6   7                                               

        8   9  10  11  12  13  14                                               

       15  16  17  18  19  20  21                                               

       22  23  24  25  26  27  28                                               

       29  30                                                                   

                                                                                



                2024    五  月                                                

        一  二  三  四  五  六  日                                       

                1   2   3   4   5                                               

        6   7   8   9  10  11  12                                               

       13  14  15  16  17  18  19                                               

       20  21  22  23  24  25  26                                               

       27  28  29  30  31                                                       

                                                                                



                2024    六  月                                                

        一  二  三  四  五  六  日                                       

                            1   2                                               

        3   4   5   6   7   8   9                                               

       10  11  12  13  14  15  16                                               

       17  18  19  20  21  22  23                                               

       24  25  26  27  28  29  30                                               

                                                                                                                                                                



                2024    七  月                                                

        一  二  三  四  五  六  日                                       

        1   2   3   4   5   6   7                                               

        8   9  10  11  12  13  14                                               

       15  16  17  18  19  20  21                                               

       22  23  24  25  26  27  28                                               

       29  30  31                                                               

                                                                                



                2024    八  月                                                

        一  二  三  四  五  六  日                                       

                    1   2   3   4                                               

        5   6   7   8   9  10  11                                               

       12  13  14  15  16  17  18                                               

       19  20  21  22  23  24  25                                               

       26  27  28  29  30  31                                                   

                                                                                



                2024    九  月                                                

        一  二  三  四  五  六  日                                       

                                1                                               

        2   3   4   5   6   7   8                                               

        9  10  11  12  13  14  15                                               

       16  17  18  19  20  21  22                                               

       23  24  25  26  27  28  29                                               

       30                                                                                                                                                       



                2024    十  月                                                

        一  二  三  四  五  六  日                                       

            1   2   3   4   5   6                                               

        7   8   9  10  11  12  13                                               

       14  15  16  17  18  19  20                                               

       21  22  23  24  25  26  27                                               

       28  29  30  31                                                           

                                                                                



                2024    十一月                                               

        一  二  三  四  五  六  日                                       

                        1   2   3                                               

        4   5   6   7   8   9  10                                               

       11  12  13  14  15  16  17                                               

       18  19  20  21  22  23  24                                               

       25  26  27  28  29  30                                                   

                                                                                



                2024    十二月                                               

        一  二  三  四  五  六  日                                       

                                1                                               

        2   3   4   5   6   7   8                                               

        9  10  11  12  13  14  15                                               

       16  17  18  19  20  21  22                                               

       23  24  25  26  27  28  29                                               

       30  31                                                                                                                                                   
