                         學 生 成 績 清 單                                                    

日 期 : 24/02/17                                              頁次 :    1                       

系 級  學 號  姓 名     國 文      英 文      數 學     物 理    化 學    平均    
=====================================================================================               
BM  1  77001  鄧維仁  4  78.6  4   67.8  3   88.1  2   76.5  2   78.3   77.3                     
BM  2  77002  鄧昕華  4  78.4  4   78.3  3   86.7  2   67.8  2   82.1   79.1                     
BM  3  77003  鄧維仁  4  52.3  4   67.8  3   88.1  2   76.5  2   61.1   68.0                     
BM  4  77004  鄧維仁  4  76.2  4   67.8  3   88.1  2   76.5  2   66.7   75.1                     
BM  5  77005  鄧維仁  4  78.6  4   67.8  3   88.1  2   76.5  2   73.2   76.6                     
BM  6  77006  鄧維仁  4  78.6  4   67.8  3   88.1  2   76.5  2   95.4   79.6                     
BM  7  77007  鄧維仁  4  78.6  4   67.8  3   88.1  2   76.5  2   73.3   76.6                     
BM  8  77008  鄧維仁  4  78.6  4   67.8  3   88.1  2   76.5  2   84.1   78.1                     
BM  9  77009  鄧維仁  4  78.6  4   67.8  3   88.1  2   76.5  2   75.5   76.9                     
FM  2  77010  鄧維仁  4  78.6  4   67.8  3   88.1  2   76.5  2   76.1   77.0                     
