            美金五元紙幣換等值價目表                                

         一 元        五 角         一角                                  
      ====================================                                      
           0            0            50                                         
           0            1            45                                         
           0            2            40                                         
           0            3            35                                         
           0            4            30                                         
           0            5            25                                         
           0            6            20                                         
           0            7            15                                         
           0            8            10                                         
           0            9             5                                         
           0           10             0                                         
           1            0            40                                         
           1            1            35                                         
           1            2            30                                         
           1            3            25                                         
           1            4            20                                         
           1            5            15                                         
           1            6            10                                         
           1            7             5                                         
           1            8             0                                         
           2            0            30                                         
           2            1            25                                         
           2            2            20                                         
           2            3            15                                         
           2            4            10                                         
           2            5             5                                         
           2            6             0                                         
           3            0            20                                         
           3            1            15                                         
           3            2            10                                         
           3            3             5                                         
           3            4             0                                         
           4            0            10                                         
           4            1             5                                         
           4            2             0                                         
           5            0             0                                               ====================================                                      
