77001 BM1  鄧維仁  4 0786 4 0678 3 0881 2 0765 2 0783   0773                 
77002 BM2  鄧昕華  4 0784 4 0783 3 0867 2 0678 2 0821   0791                 
77003 BM3  鄧維仁  4 0523 4 0678 3 0881 2 0765 2 0611   0680                 
77004 BM4  鄧維仁  4 0762 4 0678 3 0881 2 0765 2 0667   0751                 
77005 BM5  鄧維仁  4 0786 4 0678 3 0881 2 0765 2 0732   0766                 
77006 BM6  鄧維仁  4 0786 4 0678 3 0881 2 0765 2 0954   0796                 
77007 BM7  鄧維仁  4 0786 4 0678 3 0881 2 0765 2 0733   0766                 
77008 BM8  鄧維仁  4 0786 4 0678 3 0881 2 0765 2 0841   0781                 
77009 BM9  鄧維仁  4 0786 4 0678 3 0881 2 0765 2 0755   0769                 
77010 FM2  鄧維仁  4 0786 4 0678 3 0881 2 0765 2 0761   0770                 
