                     <<<   學  生  成  積  清  冊   >>>                                                 

日 期:    24/02/19                                                       頁次:    1                       

系級   學號    姓 名     國 文     英 文      數 學     物 理   化 學   平 均  備註       
=====================================================================================                         
BM  1  77001  鄧維仁  4  78.6  4   67.8  3   88.1  2   76.5  2  78.3   77.3                                
BM  1  77002  梁欣華  4 178.4  4   78.3  3   86.7  2   67.8  2  82.1  105.8  錯誤                        
BM  1  77003  金世輝  4  52.3  4   67.8  3   88.1  2   76.5  2  61.1   68.0                                
BM  1  77004  陳佳美  4  76.2  4   67.8  3   88.1  2   76.5  2  66.7   75.1                                
BM  1  77005  鄧維仁  4  78.6  4   67.8  3   88.1  2   76.5  2  73.2   76.6                                
BM  1  77006  鄧維仁  4  78.6  4   67.8  3   88.1  2   76.5  2  95.4   79.6                                
BM  1  77007  鄧維仁  4  78.6  4   67.8  3   88.1  2   76.5  2  73.3   76.6                                
BM  1  77008  鄧維仁  4  78.6  4   67.8  3   88.1  2   76.5  2  84.1   78.1                                
BM  1  77009  陳光耀  4  94.4  4   76.5  3   75.4  2   78.1  2  75.5   81.1  優等                        
BM  1  77010  鄧維仁  4  78.6  4   67.8  3   88.1  2   76.5  2  84.1   78.1                                
BM  1  77011  陳光耀  4  94.4  4   76.5  3   75.4  2   78.1  2  75.5   81.1  優等                        
=====================================================================================                                              <<<   學  生  成  積  清  冊   >>>                                                 

日 期:    24/02/19                                                       頁次:    2                       

系級   學號    姓 名     國 文     英 文      數 學     物 理   化 學   平 均  備註       
=====================================================================================                         
FL  2  77010  鄧維仁  4  78.6  4   67.8  3   88.1  2   76.5  2  76.1   77.0                                
FL  2  77001  鄧維仁  4  78.6  4   67.8  3   88.1  2   76.5  2  78.3   77.3                                
FL  2  77002  梁欣華  4  78.4  4   78.3  3   86.7  2   67.8  2  82.1   79.1                                
FL  2  77003  金世輝  4  52.3  4   67.8  3   88.1  2   76.5  2  61.1   68.0                                
FL  2  77004  陳佳美  4  76.2  4   67.8  3   88.1  2   76.5  2  66.7   75.1                                
FL  2  77005  鄧維仁  4  78.6  4   67.8  3   88.1  2   76.5  2  73.2   76.6                                
FL  2  77006  鄧維仁  4  78.6  4   67.8  3   88.1  2   76.5  2  95.4   79.6                                
FL  2  77007  鄧維仁  4  78.6  4   67.8  3   88.1  2   76.5  2  73.3   76.6                                
FL  2  77008  鄧維仁  4  78.6  4   67.8  3   88.1  2   76.5  2  84.1   78.1                                
FL  2  77009  陳光耀  4  94.4  4   76.5  3   75.4  2   78.1  2  75.5   81.1  優等                        
FL  2  77010  鄧維仁  4  78.6  4   67.8  3   88.1  2   76.5  2  76.1   77.0                                
=====================================================================================                                              <<<   學  生  成  積  清  冊   >>>                                                 

日 期:    24/02/19                                                       頁次:    3                       

系級   學號    姓 名     國 文     英 文      數 學     物 理   化 學   平 均  備註       
=====================================================================================                         
EE  3  77001  鄧維仁  4  78.6  4   67.8  3   88.1  2   76.5  2  78.3   77.3                                
EE  3  77002  梁欣華  4  78.4  4   78.3  3   86.7  2   67.8  2  82.1   79.1                                
EE  3  77003  金世輝  4  52.3  4   67.8  3   88.1  2   76.5  2  61.1   68.0                                
EE  3  77004  陳佳美  4  76.2  4   67.8  3   88.1  2   76.5  2  66.7   75.1                                
EE  3  77005  鄧維仁  4  78.6  4   67.8  3   88.1  2   76.5  2  73.2   76.6                                
EE  3  77006  鄧維仁  4  78.6  4   67.8  3   88.1  2   76.5  2  95.4   79.6                                
EE  3  77007  鄧維仁  4  78.6  4   67.8  3   88.1  2   76.5  2  73.3   76.6                                
EE  3  77008  鄧維仁  4  78.6  4   67.8  3   88.1  2   76.5  2  84.1   78.1                                
EE  3  77009  陳光耀  4  94.4  4   76.5  3   75.4  2   78.1  2  75.5   81.1  優等                        
EE  3  77010  鄧維仁  4  78.6  4   67.8  3   88.1  2   76.5  2  76.1   77.0                                
=====================================================================================                         
